cam_model: Pinhole
cam_width: 1280
cam_height: 720
scale: 0.5
cam_fx: 745.411
cam_fy: 745.730
cam_cx: 640.235
cam_cy: 370.784
cam_d0: -0.330079
cam_d1:  0.14037
cam_d2: -0.000127
cam_d3:  0.000974
cam_d4: -0.032091