cam_model: Pinhole
cam_width: 1920
cam_height: 1080
scale: 0.5
cam_fx: 1672.850704
cam_fy: 1668.330151
cam_cx: 967.313447
cam_cy: 535.359426
cam_d0: -0.124981
cam_d1:  0.160463
cam_d2: -0.000383
cam_d3: -0.028970